1.861936
1.877174
1.885511
1.866812
1.873017
1.874897
1.874765
1.881736
3.276083
3.246105
3.287009
3.312622
3.308697
3.305871
3.287348
3.147521
3.574320
3.701801
3.813212
3.793497
3.825349
3.567952
3.680631
3.740794
3.601268
3.835402
3.901771
3.590264
3.727654
3.839887
3.898058
3.979335
3.715453
3.920748
3.953837
3.756685
3.903607
3.969383
4.011489
4.096674
3.917045
3.938947
3.691335
3.911279
4.016050
4.036380
4.134742
3.796396
3.937407
3.991067
3.814362
3.974428
4.049732
4.171228
3.725821
3.723089
3.898039
3.642901
3.980750
4.110712
4.195456
3.726892
3.691162
3.665314
